exp2 - Classification Report
Test Accuracy: 0.9686

              precision    recall  f1-score   support

           0       0.99      0.99      0.99       980
           1       0.99      0.98      0.99      1135
           2       0.95      0.99      0.97      1032
           3       0.94      0.98      0.96      1010
           4       0.98      0.98      0.98       982
           5       0.98      0.96      0.97       892
           6       0.99      0.97      0.98       958
           7       0.99      0.91      0.95      1028
           8       0.90      0.99      0.94       974
           9       0.98      0.94      0.96      1009

    accuracy                           0.97     10000
   macro avg       0.97      0.97      0.97     10000
weighted avg       0.97      0.97      0.97     10000
